13 21
18 25
24 28
0 11
5 22
21 25
2 13
3 20
5 13
11 25
9 11
6 11
14 24
22 28
12 15
16 27
3 6
14 20
25 27
4 17
3 5
14 25
13 22
3 12
3 5
4 19
23 25
1 9
12 20
2 15
3 17
5 15
13 24
12 26
1 10
7 9
16 22
6 14
10 27
11 14
12 23
0 3
9 11
3 17
4 17
12 28
9 14
5 9
11 24
8 16
3 5
9 24
7 21
12 16
19 28
5 20
12 28
7 17
7 10
13 19
17 22
15 27
0 11
5 8
8 25
25 27
3 13
6 22
7 20
8 20
16 27
10 23
11 26
10 22
6 20
1 18
11 15
8 10
23 26
15 18
4 6
5 20
1 4
6 19
19 24
6 18
11 26
5 18
18 21
7 23
16 20
1 17
11 19
2 11
14 24
23 25
13 18
11 21
3 17
7 11
