3 13
4 17
14 16
9 23
8 13
17 20
10 25
3 6
5 9
20 28
2 12
11 22
9 12
6 16
5 19
6 14
15 22
5 22
17 20
9 20
15 20
14 24
0 11
12 16
2 7
11 23
8 18
23 27
18 20
11 28
11 13
15 20
7 23
3 16
13 24
23 25
24 26
4 21
0 4
3 13
18 24
0 10
25 27
14 16
8 12
3 13
14 28
19 21
17 27
19 23
14 17
0 6
1 3
1 15
11 25
11 13
11 23
15 26
0 16
12 21
14 20
7 22
7 11
13 15
3 5
10 12
6 16
0 6
11 27
7 20
15 26
11 17
10 27
4 17
3 11
13 22
10 13
14 23
1 8
6 11
12 22
16 19
23 26
24 27
9 17
7 11
1 15
4 18
0 16
13 25
18 22
12 26
14 18
12 16
5 18
0 14
7 22
0 12
13 23
2 16
4 18
9 22
