34 77
24 38
25 67
64 80
15 41
63 95
36 66
57 66
20 27
38 62
53 66
4 49
33 69
42 82
27 36
41 65
34 61
33 52
46 89
26 40
26 61
39 49
39 65
12 38
34 48
26 55
65 76
40 87
41 71
7 53
25 45
72 93
41 62
45 61
36 43
3 24
32 73
18 52
60 69
35 60
44 89
72 92
16 32
61 92
2 16
14 34
29 44
45 62
4 12
2 39
35 80
63 94
51 62
58 94
39 79
18 59
37 60
66 96
5 18
43 88
44 79
41 89
32 49
10 48
45 76
40 73
4 32
47 94
6 14
3 13
61 82
15 60
13 22
46 67
55 67
29 72
6 53
16 55
67 92
39 52
25 63
55 65
7 35
67 85
48 73
20 48
0 19
1 19
33 49
0 21
1 21
37 52
30 74
26 53
47 62
8 39
0 37
1 37
43 63
31 67
44 62
45 71
34 51
59 82
