13 17
13 32
13 37
13 52
13 64
13 69
13 78
13 88
13 108
13 133
13 145
13 161
13 185
13 191
13 222
13 233
13 237
13 250
13 294
13 297
13 314
13 395
13 410
13 418
13 447
13 453
13 456
13 464
13 528
13 542
13 552
13 613
13 626
13 631
13 634
13 646
13 649
17 32
17 37
17 52
17 64
17 69
17 78
17 88
17 108
17 133
17 145
17 161
17 185
17 191
17 222
17 233
17 237
17 250
17 294
17 297
17 314
17 395
17 410
17 418
17 447
17 453
17 456
17 464
17 528
17 542
17 552
17 613
17 626
17 631
17 634
17 646
17 649
32 37
32 52
32 64
32 69
32 78
32 88
32 108
32 133
32 145
32 161
32 185
32 191
32 222
32 233
32 237
32 250
32 294
32 297
32 314
32 395
32 410
32 418
32 447
32 453
32 456
32 464
32 528
32 542
32 552
32 613
32 626
32 631
32 634
32 646
32 649
37 52
37 64
37 69
37 78
37 88
37 108
37 133
37 145
37 161
37 185
37 191
37 222
37 233
37 237
37 250
37 294
37 297
37 314
37 395
37 410
37 418
37 447
37 453
37 456
37 464
37 528
37 542
37 552
37 613
37 626
37 631
37 634
37 646
37 649
52 64
52 69
52 78
52 88
52 108
52 133
52 145
52 161
52 185
52 191
52 222
52 233
52 237
52 250
52 294
52 297
52 314
52 395
52 410
52 418
52 447
52 453
52 456
52 464
52 528
52 542
52 552
52 613
52 626
52 631
52 634
52 646
52 649
64 69
64 78
64 88
64 108
64 133
64 145
64 161
64 185
64 191
64 222
64 233
64 237
64 250
64 294
64 297
64 314
64 395
64 410
64 418
64 447
64 453
64 456
64 464
64 528
64 542
64 552
64 613
64 626
64 631
64 634
64 646
64 649
69 78
69 88
69 108
69 133
69 145
69 161
69 185
69 191
69 222
69 233
69 237
69 250
69 294
69 297
69 314
69 395
69 410
69 418
69 447
69 453
69 456
69 464
69 528
69 542
69 552
69 613
69 626
69 631
69 634
69 646
69 649
78 88
78 108
78 133
78 145
78 161
78 185
78 191
78 222
78 233
78 237
78 250
78 294
78 297
78 314
78 395
78 410
78 418
78 447
78 453
78 456
78 464
78 528
78 542
78 552
78 613
78 626
78 631
78 634
78 646
78 649
88 108
88 133
88 145
88 161
88 185
88 191
88 222
88 233
88 237
88 250
88 294
88 297
88 314
88 395
88 410
88 418
88 447
88 453
88 456
88 464
88 528
88 542
88 552
88 613
88 626
88 631
88 634
88 646
88 649
108 133
108 145
108 161
108 185
108 191
108 222
108 233
108 237
108 250
108 294
108 297
108 314
108 395
108 410
108 418
108 447
108 453
108 456
108 464
108 528
108 542
108 552
108 613
108 626
108 631
108 634
108 646
108 649
133 145
133 161
133 185
133 191
133 222
133 233
133 237
133 250
133 294
133 297
133 314
133 395
133 410
133 418
133 447
133 453
133 456
133 464
133 528
133 542
133 552
133 613
133 626
133 631
133 634
133 646
133 649
145 161
145 185
145 191
145 222
145 233
145 237
145 250
145 294
145 297
145 314
145 395
145 410
145 418
145 447
145 453
145 456
145 464
145 528
145 542
145 552
145 613
145 626
145 631
145 634
145 646
145 649
161 185
161 191
161 222
161 233
161 237
161 250
161 294
161 297
161 314
161 395
161 410
161 418
161 447
161 453
161 456
161 464
161 528
161 542
161 552
161 613
161 626
161 631
161 634
161 646
161 649
185 191
185 222
185 233
185 237
185 250
185 294
185 297
185 314
185 395
185 410
185 418
185 447
185 453
185 456
185 464
185 528
185 542
185 552
185 613
185 626
185 631
185 634
185 646
185 649
191 222
191 233
191 237
191 250
191 294
191 297
191 314
191 395
191 410
191 418
191 447
191 453
191 456
191 464
191 528
191 542
191 552
191 613
191 626
191 631
191 634
191 646
191 649
222 233
222 237
222 250
222 294
222 297
222 314
222 395
222 410
222 418
222 447
222 453
222 456
222 464
222 528
222 542
222 552
222 613
222 626
222 631
222 634
222 646
222 649
233 237
233 250
233 294
233 297
233 314
233 395
233 410
233 418
233 447
233 453
233 456
233 464
233 528
233 542
233 552
233 613
233 626
233 631
233 634
233 646
233 649
237 250
237 294
237 297
237 314
237 395
237 410
237 418
237 447
237 453
237 456
237 464
237 528
237 542
237 552
237 613
237 626
237 631
237 634
237 646
237 649
250 294
250 297
250 314
250 395
250 410
250 418
250 447
250 453
250 456
250 464
250 528
250 542
250 552
250 613
250 626
250 631
250 634
250 646
250 649
294 297
294 314
294 395
294 410
294 418
294 447
294 453
294 456
294 464
294 528
294 542
294 552
294 613
294 626
294 631
294 634
294 646
294 649
297 314
297 395
297 410
297 418
297 447
297 453
297 456
297 464
297 528
297 542
297 552
297 613
297 626
297 631
297 634
297 646
297 649
314 395
314 410
314 418
314 447
314 453
314 456
314 464
314 528
314 542
314 552
314 613
314 626
314 631
314 634
314 646
314 649
395 410
395 418
395 447
395 453
395 456
395 464
395 528
395 542
395 552
395 613
395 626
395 631
395 634
395 646
395 649
410 418
410 447
410 453
410 456
410 464
410 528
410 542
410 552
410 613
410 626
410 631
410 634
410 646
410 649
418 447
418 453
418 456
418 464
418 528
418 542
418 552
418 613
418 626
418 631
418 634
418 646
418 649
447 453
447 456
447 464
447 528
447 542
447 552
447 613
447 626
447 631
447 634
447 646
447 649
453 456
453 464
453 528
453 542
453 552
453 613
453 626
453 631
453 634
453 646
453 649
456 464
456 528
456 542
456 552
456 613
456 626
456 631
456 634
456 646
456 649
464 528
464 542
464 552
464 613
464 626
464 631
464 634
464 646
464 649
528 542
528 552
528 613
528 626
528 631
528 634
528 646
528 649
542 552
542 613
542 626
542 631
542 634
542 646
542 649
552 613
552 626
552 631
552 634
552 646
552 649
613 626
613 631
613 634
613 646
613 649
626 631
626 634
626 646
626 649
631 634
631 646
631 649
634 646
634 649
646 649
5 45
5 84
5 88
5 94
5 110
5 118
5 123
5 128
5 140
5 152
5 155
5 175
5 199
5 247
5 272
5 289
5 306
5 339
5 361
5 366
5 377
5 395
5 449
5 474
5 485
5 492
5 497
5 511
5 516
5 550
5 562
5 566
5 573
5 585
5 590
5 606
5 614
39 84
39 88
39 94
39 110
39 118
39 123
39 128
39 140
39 152
39 155
39 175
39 199
39 247
39 272
39 289
39 306
39 339
39 361
39 366
39 377
39 395
39 449
39 474
39 485
39 492
39 497
39 511
39 516
39 550
39 562
39 566
39 573
39 585
39 590
39 606
39 614
78 88
78 94
78 110
78 118
78 123
78 128
78 140
78 152
78 155
78 175
78 199
78 247
78 272
78 289
78 306
78 339
78 361
78 366
78 377
78 395
78 449
78 474
78 485
78 492
78 497
78 511
78 516
78 550
78 562
78 566
78 573
78 585
78 590
78 606
78 614
82 94
82 110
82 118
82 123
82 128
82 140
82 152
82 155
82 175
82 199
82 247
82 272
82 289
82 306
82 339
82 361
82 366
82 377
82 395
82 449
82 474
82 485
82 492
82 497
82 511
82 516
82 550
82 562
82 566
82 573
82 585
82 590
82 606
82 614
88 110
88 118
88 123
88 128
88 140
88 152
88 155
88 175
88 199
88 247
88 272
88 289
88 306
88 339
88 361
88 366
88 377
88 395
88 449
88 474
88 485
88 492
88 497
88 511
88 516
88 550
88 562
88 566
88 573
88 585
88 590
88 606
88 614
104 118
104 123
104 128
104 140
104 152
104 155
104 175
104 199
104 247
104 272
104 289
104 306
104 339
104 361
104 366
104 377
104 395
104 449
104 474
104 485
104 492
104 497
104 511
104 516
104 550
104 562
104 566
104 573
104 585
104 590
104 606
104 614
112 123
112 128
112 140
112 152
112 155
112 175
112 199
112 247
112 272
112 289
112 306
112 339
112 361
112 366
112 377
112 395
112 449
112 474
112 485
112 492
112 497
112 511
112 516
112 550
112 562
112 566
112 573
112 585
112 590
112 606
112 614
117 128
117 140
117 152
117 155
117 175
117 199
117 247
117 272
117 289
117 306
117 339
117 361
117 366
117 377
117 395
117 449
117 474
117 485
117 492
117 497
117 511
117 516
117 550
117 562
117 566
117 573
117 585
117 590
117 606
117 614
122 140
122 152
122 155
122 175
122 199
122 247
122 272
122 289
122 306
122 339
122 361
122 366
122 377
122 395
122 449
122 474
122 485
122 492
122 497
122 511
122 516
122 550
122 562
122 566
122 573
122 585
122 590
122 606
122 614
134 152
134 155
134 175
134 199
134 247
134 272
134 289
134 306
134 339
134 361
134 366
134 377
134 395
134 449
134 474
134 485
134 492
134 497
134 511
134 516
134 550
134 562
134 566
134 573
134 585
134 590
134 606
134 614
146 155
146 175
146 199
146 247
146 272
146 289
146 306
146 339
146 361
146 366
146 377
146 395
146 449
146 474
146 485
146 492
146 497
146 511
146 516
146 550
146 562
146 566
146 573
146 585
146 590
146 606
146 614
149 175
149 199
149 247
149 272
149 289
149 306
149 339
149 361
149 366
149 377
149 395
149 449
149 474
149 485
149 492
149 497
149 511
149 516
149 550
149 562
149 566
149 573
149 585
149 590
149 606
149 614
169 199
169 247
169 272
169 289
169 306
169 339
169 361
169 366
169 377
169 395
169 449
169 474
169 485
169 492
169 497
169 511
169 516
169 550
169 562
169 566
169 573
169 585
169 590
169 606
169 614
193 247
193 272
193 289
193 306
193 339
193 361
193 366
193 377
193 395
193 449
193 474
193 485
193 492
193 497
193 511
193 516
193 550
193 562
193 566
193 573
193 585
193 590
193 606
193 614
241 272
241 289
241 306
241 339
241 361
241 366
241 377
241 395
241 449
241 474
241 485
241 492
241 497
241 511
241 516
241 550
241 562
241 566
241 573
241 585
241 590
241 606
241 614
266 289
266 306
266 339
266 361
266 366
266 377
266 395
266 449
266 474
266 485
266 492
266 497
266 511
266 516
266 550
266 562
266 566
266 573
266 585
266 590
266 606
266 614
283 306
283 339
283 361
283 366
283 377
283 395
283 449
283 474
283 485
283 492
283 497
283 511
283 516
283 550
283 562
283 566
283 573
283 585
283 590
283 606
283 614
300 339
300 361
300 366
300 377
300 395
300 449
300 474
300 485
300 492
300 497
300 511
300 516
300 550
300 562
300 566
300 573
300 585
300 590
300 606
300 614
333 361
333 366
333 377
333 395
333 449
333 474
333 485
333 492
333 497
333 511
333 516
333 550
333 562
333 566
333 573
333 585
333 590
333 606
333 614
355 366
355 377
355 395
355 449
355 474
355 485
355 492
355 497
355 511
355 516
355 550
355 562
355 566
355 573
355 585
355 590
355 606
355 614
360 377
360 395
360 449
360 474
360 485
360 492
360 497
360 511
360 516
360 550
360 562
360 566
360 573
360 585
360 590
360 606
360 614
371 395
371 449
371 474
371 485
371 492
371 497
371 511
371 516
371 550
371 562
371 566
371 573
371 585
371 590
371 606
371 614
389 449
389 474
389 485
389 492
389 497
389 511
389 516
389 550
389 562
389 566
389 573
389 585
389 590
389 606
389 614
443 474
443 485
443 492
443 497
443 511
443 516
443 550
443 562
443 566
443 573
443 585
443 590
443 606
443 614
468 485
468 492
468 497
468 511
468 516
468 550
468 562
468 566
468 573
468 585
468 590
468 606
468 614
479 492
479 497
479 511
479 516
479 550
479 562
479 566
479 573
479 585
479 590
479 606
479 614
486 497
486 511
486 516
486 550
486 562
486 566
486 573
486 585
486 590
486 606
486 614
491 511
491 516
491 550
491 562
491 566
491 573
491 585
491 590
491 606
491 614
505 516
505 550
505 562
505 566
505 573
505 585
505 590
505 606
505 614
510 550
510 562
510 566
510 573
510 585
510 590
510 606
510 614
544 562
544 566
544 573
544 585
544 590
544 606
544 614
556 566
556 573
556 585
556 590
556 606
556 614
560 573
560 585
560 590
560 606
560 614
567 585
567 590
567 606
567 614
579 590
579 606
579 614
584 606
584 614
600 614
0 4
243 247
481 485
29 34
0 5
1 6
2 7
3 8
4 9
5 10
6 11
7 12
8 13
9 14
10 15
11 16
12 17
13 18
14 19
15 20
16 21
17 22
18 23
19 24
20 25
21 26
22 27
23 28
24 29
25 30
26 31
27 32
28 33
29 34
30 35
31 36
32 37
33 38
34 39
35 40
36 41
37 42
38 43
39 44
40 45
41 46
42 47
43 48
44 49
45 50
46 51
47 52
48 53
49 54
50 55
51 56
52 57
53 58
54 59
55 60
56 61
57 62
58 63
59 64
60 65
61 66
62 67
63 68
64 69
65 70
66 71
67 72
68 73
69 74
70 75
71 76
72 77
73 78
74 79
75 80
76 81
77 82
78 83
79 84
80 85
81 86
82 87
83 88
84 89
85 90
86 91
87 92
88 93
89 94
90 95
91 96
92 97
93 98
94 99
95 100
96 101
97 102
98 103
99 104
100 105
101 106
102 107
103 108
104 109
105 110
106 111
107 112
108 113
109 114
110 115
111 116
112 117
113 118
114 119
115 120
116 121
117 122
118 123
119 124
120 125
121 126
122 127
123 128
124 129
125 130
126 131
127 132
128 133
129 134
130 135
131 136
132 137
133 138
134 139
135 140
136 141
137 142
138 143
139 144
140 145
141 146
142 147
143 148
144 149
145 150
146 151
147 152
148 153
149 154
150 155
151 156
152 157
153 158
154 159
155 160
156 161
157 162
158 163
159 164
160 165
161 166
162 167
163 168
164 169
165 170
166 171
167 172
168 173
169 174
170 175
171 176
172 177
173 178
174 179
175 180
176 181
177 182
178 183
179 184
180 185
181 186
182 187
183 188
184 189
185 190
186 191
187 192
188 193
189 194
190 195
191 196
192 197
193 198
194 199
195 200
196 201
197 202
198 203
199 204
200 205
201 206
202 207
203 208
204 209
205 210
206 211
207 212
208 213
209 214
210 215
211 216
212 217
213 218
214 219
215 220
216 221
217 222
218 223
219 224
220 225
221 226
222 227
223 228
224 229
225 230
226 231
227 232
228 233
229 234
230 235
231 236
232 237
233 238
234 239
235 240
236 241
237 242
238 243
239 244
240 245
241 246
242 247
243 248
244 249
245 250
246 251
247 252
248 253
249 254
250 255
251 256
252 257
253 258
254 259
255 260
256 261
257 262
258 263
259 264
260 265
261 266
262 267
263 268
264 269
265 270
266 271
267 272
268 273
269 274
270 275
271 276
272 277
273 278
274 279
275 280
276 281
277 282
278 283
279 284
280 285
281 286
282 287
283 288
284 289
285 290
286 291
287 292
288 293
289 294
290 295
291 296
292 297
293 298
294 299
295 300
296 301
297 302
298 303
299 304
300 305
301 306
302 307
303 308
304 309
305 310
306 311
307 312
308 313
309 314
310 315
311 316
312 317
313 318
314 319
315 320
316 321
317 322
318 323
319 324
320 325
321 326
322 327
323 328
324 329
325 330
326 331
327 332
328 333
329 334
330 335
331 336
332 337
333 338
334 339
335 340
336 341
337 342
338 343
339 344
340 345
341 346
342 347
343 348
344 349
345 350
346 351
347 352
348 353
349 354
350 355
351 356
352 357
353 358
354 359
355 360
356 361
357 362
358 363
359 364
360 365
361 366
362 367
363 368
364 369
365 370
366 371
367 372
368 373
369 374
370 375
371 376
372 377
373 378
374 379
375 380
376 381
377 382
378 383
379 384
380 385
381 386
382 387
383 388
384 389
385 390
386 391
387 392
388 393
389 394
390 395
391 396
392 397
393 398
394 399
395 400
396 401
397 402
398 403
399 404
400 405
401 406
402 407
403 408
404 409
405 410
406 411
407 412
408 413
409 414
410 415
411 416
412 417
413 418
414 419
415 420
416 421
417 422
418 423
419 424
420 425
421 426
422 427
423 428
424 429
425 430
426 431
427 432
428 433
429 434
430 435
431 436
432 437
433 438
434 439
435 440
436 441
437 442
438 443
439 444
440 445
441 446
442 447
443 448
444 449
445 450
446 451
447 452
448 453
449 454
450 455
451 456
452 457
453 458
454 459
455 460
456 461
457 462
458 463
459 464
460 465
461 466
462 467
463 468
464 469
465 470
466 471
467 472
468 473
469 474
470 475
471 476
472 477
473 478
474 479
475 480
476 481
477 482
478 483
479 484
480 485
481 486
482 487
483 488
484 489
485 490
486 491
487 492
488 493
489 494
490 495
491 496
492 497
493 498
494 499
495 500
496 501
497 502
498 503
499 504
500 505
501 506
502 507
503 508
504 509
505 510
506 511
507 512
508 513
509 514
510 515
511 516
512 517
513 518
514 519
515 520
516 521
517 522
518 523
519 524
520 525
521 526
522 527
523 528
524 529
525 530
526 531
527 532
528 533
529 534
530 535
531 536
532 537
533 538
534 539
535 540
536 541
537 542
538 543
539 544
540 545
541 546
542 547
543 548
544 549
545 550
546 551
547 552
548 553
549 554
550 555
551 556
552 557
553 558
554 559
555 560
556 561
557 562
558 563
559 564
560 565
561 566
562 567
563 568
564 569
565 570
566 571
567 572
568 573
569 574
570 575
571 576
572 577
573 578
574 579
575 580
576 581
577 582
578 583
579 584
580 585
581 586
582 587
583 588
584 589
585 590
586 591
587 592
588 593
589 594
590 595
591 596
592 597
593 598
594 599
595 600
596 601
597 602
598 603
599 604
600 605
601 606
602 607
603 608
604 609
605 610
606 611
607 612
608 613
609 614
610 615
611 616
612 617
613 618
614 619
615 620
616 621
617 622
618 623
619 624
620 625
621 626
622 627
623 628
624 629
625 630
626 631
627 632
628 633
629 634
630 635
631 636
632 637
633 638
634 639
635 640
636 641
637 642
638 643
639 644
640 645
641 646
642 647
643 648
644 649
645 650
646 651
647 652
648 653
649 654
650 655
651 656
8 31
8 38
8 98
8 186
8 270
8 283
8 287
8 298
8 307
8 349
8 364
8 375
8 457
8 458
8 469
8 472
8 490
8 495
8 499
8 514
8 543
8 548
8 553
8 571
8 588
8 595
8 598
8 604
8 615
8 627
8 647
8 652
269 283
269 287
269 298
269 307
269 349
269 364
269 375
269 457
269 458
269 469
269 472
269 490
269 495
269 499
269 514
269 543
269 548
269 553
269 571
269 588
269 595
269 598
269 604
269 615
269 627
269 647
269 652
286 298
286 307
286 349
286 364
286 375
286 457
286 458
286 469
286 472
286 490
286 495
286 499
286 514
286 543
286 548
286 553
286 571
286 588
286 595
286 598
286 604
286 615
286 627
286 647
286 652
363 375
363 457
363 458
363 469
363 472
363 490
363 495
363 499
363 514
363 543
363 548
363 553
363 571
363 588
363 595
363 598
363 604
363 615
363 627
363 647
363 652
374 457
374 458
374 469
374 472
374 490
374 495
374 499
374 514
374 543
374 548
374 553
374 571
374 588
374 595
374 598
374 604
374 615
374 627
374 647
374 652
471 490
471 495
471 499
471 514
471 543
471 548
471 553
471 571
471 588
471 595
471 598
471 604
471 615
471 627
471 647
471 652
489 495
489 499
489 514
489 543
489 548
489 553
489 571
489 588
489 595
489 598
489 604
489 615
489 627
489 647
489 652
494 499
494 514
494 543
494 548
494 553
494 571
494 588
494 595
494 598
494 604
494 615
494 627
494 647
494 652
513 543
513 548
513 553
513 571
513 588
513 595
513 598
513 604
513 615
513 627
513 647
513 652
547 553
547 571
547 588
547 595
547 598
547 604
547 615
547 627
547 647
547 652
570 588
570 595
570 598
570 604
570 615
570 627
570 647
570 652
587 595
587 598
587 604
587 615
587 627
587 647
587 652
603 615
603 627
603 647
603 652
2 6
483 487
320 355
320 440
320 505
320 555
320 622
354 440
354 505
354 555
354 622
439 505
439 555
439 622
504 555
504 622
554 622
8 365
8 376
8 473
8 491
8 515
8 549
8 589
8 605
363 376
363 473
363 491
363 515
363 549
363 589
363 605
374 473
374 491
374 515
374 549
374 589
374 605
471 491
471 515
471 549
471 589
471 605
489 515
489 549
489 589
489 605
513 549
513 589
513 605
547 589
547 605
587 605
0 487
373 378
546 551
607 615
635 643
109 165
109 211
109 212
109 227
109 257
109 258
109 276
109 282
109 317
109 321
109 355
109 370
109 382
109 397
109 400
109 404
109 408
109 416
109 430
109 440
109 476
109 505
109 532
109 540
109 555
109 590
109 608
109 614
109 617
109 622
109 645
607 655
637 643
637 644
637 645
637 646
637 647
637 648
637 649
637 650
637 651
637 652
637 653
637 654
637 655
637 656
0 11
0 366
0 377
0 474
0 492
0 516
0 550
0 590
0 606
1 11
1 366
1 377
1 474
1 492
1 516
1 550
1 590
1 606
2 11
2 366
2 377
2 474
2 492
2 516
2 550
2 590
2 606
3 11
3 366
3 377
3 474
3 492
3 516
3 550
3 590
3 606
4 11
4 366
4 377
4 474
4 492
4 516
4 550
4 590
4 606
5 11
5 366
5 377
5 474
5 492
5 516
5 550
5 590
5 606
6 11
6 366
6 377
6 474
6 492
6 516
6 550
6 590
6 606
7 11
7 366
7 377
7 474
7 492
7 516
7 550
7 590
7 606
8 366
8 377
8 474
8 492
8 516
8 550
8 590
8 606
9 366
9 377
9 474
9 492
9 516
9 550
9 590
9 606
10 366
10 377
10 474
10 492
10 516
10 550
10 590
10 606
11 366
11 377
11 474
11 492
11 516
11 550
11 590
11 606
12 366
12 377
12 474
12 492
12 516
12 550
12 590
12 606
13 366
13 377
13 474
13 492
13 516
13 550
13 590
13 606
14 366
14 377
14 474
14 492
14 516
14 550
14 590
14 606
15 366
15 377
15 474
15 492
15 516
15 550
15 590
15 606
16 366
16 377
16 474
16 492
16 516
16 550
16 590
16 606
17 366
17 377
17 474
17 492
17 516
17 550
17 590
17 606
18 366
18 377
18 474
18 492
18 516
18 550
18 590
18 606
19 366
19 377
19 474
19 492
19 516
19 550
19 590
19 606
20 366
20 377
20 474
20 492
20 516
20 550
20 590
20 606
21 366
21 377
21 474
21 492
21 516
21 550
21 590
21 606
22 366
22 377
22 474
22 492
22 516
22 550
22 590
22 606
23 366
23 377
23 474
23 492
23 516
23 550
23 590
23 606
24 366
24 377
24 474
24 492
24 516
24 550
24 590
24 606
25 366
25 377
25 474
25 492
25 516
25 550
25 590
25 606
26 366
26 377
26 474
26 492
26 516
26 550
26 590
26 606
27 366
27 377
27 474
27 492
27 516
27 550
27 590
27 606
28 366
28 377
28 474
28 492
28 516
28 550
28 590
28 606
29 366
29 377
29 474
29 492
29 516
29 550
29 590
29 606
30 366
30 377
30 474
30 492
30 516
30 550
30 590
30 606
31 366
31 377
31 474
31 492
31 516
31 550
31 590
31 606
32 366
32 377
32 474
32 492
32 516
32 550
32 590
32 606
33 366
33 377
33 474
33 492
33 516
33 550
33 590
33 606
34 366
34 377
34 474
34 492
34 516
34 550
34 590
34 606
35 366
35 377
35 474
35 492
35 516
35 550
35 590
35 606
36 366
36 377
36 474
36 492
36 516
36 550
36 590
36 606
37 366
37 377
37 474
37 492
37 516
37 550
37 590
37 606
38 366
38 377
38 474
38 492
38 516
38 550
38 590
38 606
39 366
39 377
39 474
39 492
39 516
39 550
39 590
39 606
40 366
40 377
40 474
40 492
40 516
40 550
40 590
40 606
41 366
41 377
41 474
41 492
41 516
41 550
41 590
41 606
42 366
42 377
42 474
42 492
42 516
42 550
42 590
42 606
43 366
43 377
43 474
43 492
43 516
43 550
43 590
43 606
44 366
44 377
44 474
44 492
44 516
44 550
44 590
44 606
45 366
45 377
45 474
45 492
45 516
45 550
45 590
45 606
46 366
46 377
46 474
46 492
46 516
46 550
46 590
46 606
47 366
47 377
47 474
47 492
47 516
47 550
47 590
47 606
48 366
48 377
48 474
48 492
48 516
48 550
48 590
48 606
49 366
49 377
49 474
49 492
49 516
49 550
49 590
49 606
50 366
50 377
50 474
50 492
50 516
50 550
50 590
50 606
51 366
51 377
51 474
51 492
51 516
51 550
51 590
51 606
52 366
52 377
52 474
52 492
52 516
52 550
52 590
52 606
53 366
53 377
53 474
53 492
53 516
53 550
53 590
53 606
54 366
54 377
54 474
54 492
54 516
54 550
54 590
54 606
55 366
55 377
55 474
55 492
55 516
55 550
55 590
55 606
56 366
56 377
56 474
56 492
56 516
56 550
56 590
56 606
57 366
57 377
57 474
57 492
57 516
57 550
57 590
57 606
58 366
58 377
58 474
58 492
58 516
58 550
58 590
58 606
59 366
59 377
59 474
59 492
59 516
59 550
59 590
59 606
60 366
60 377
60 474
60 492
60 516
60 550
60 590
60 606
61 366
61 377
61 474
61 492
61 516
61 550
61 590
61 606
62 366
62 377
62 474
62 492
62 516
62 550
62 590
62 606
63 366
63 377
63 474
63 492
63 516
63 550
63 590
63 606
64 366
64 377
64 474
64 492
64 516
64 550
64 590
64 606
65 366
65 377
65 474
65 492
65 516
65 550
65 590
65 606
66 366
66 377
66 474
66 492
66 516
66 550
66 590
66 606
67 366
67 377
67 474
67 492
67 516
67 550
67 590
67 606
68 366
68 377
68 474
68 492
68 516
68 550
68 590
68 606
69 366
69 377
69 474
69 492
69 516
69 550
69 590
69 606
70 366
70 377
70 474
70 492
70 516
70 550
70 590
70 606
71 366
71 377
71 474
71 492
71 516
71 550
71 590
71 606
72 366
72 377
72 474
72 492
72 516
72 550
72 590
72 606
73 366
73 377
73 474
73 492
73 516
73 550
73 590
73 606
74 366
74 377
74 474
74 492
74 516
74 550
74 590
74 606
75 366
75 377
75 474
75 492
75 516
75 550
75 590
75 606
76 366
76 377
76 474
76 492
76 516
76 550
76 590
76 606
77 366
77 377
77 474
77 492
77 516
77 550
77 590
77 606
78 366
78 377
78 474
78 492
78 516
78 550
78 590
78 606
79 366
79 377
79 474
79 492
79 516
79 550
79 590
79 606
80 366
80 377
80 474
80 492
80 516
80 550
80 590
80 606
81 366
81 377
81 474
81 492
81 516
81 550
81 590
81 606
82 366
82 377
82 474
82 492
82 516
82 550
82 590
82 606
83 366
83 377
83 474
83 492
83 516
83 550
83 590
83 606
84 366
84 377
84 474
84 492
84 516
84 550
84 590
84 606
85 366
85 377
85 474
85 492
85 516
85 550
85 590
85 606
86 366
86 377
86 474
86 492
86 516
86 550
86 590
86 606
87 366
87 377
87 474
87 492
87 516
87 550
87 590
87 606
88 366
88 377
88 474
88 492
88 516
88 550
88 590
88 606
89 366
89 377
89 474
89 492
89 516
89 550
89 590
89 606
90 366
90 377
90 474
90 492
90 516
90 550
90 590
90 606
91 366
91 377
91 474
91 492
91 516
91 550
91 590
91 606
92 366
92 377
92 474
92 492
92 516
92 550
92 590
92 606
93 366
93 377
93 474
93 492
93 516
93 550
93 590
93 606
94 366
94 377
94 474
94 492
94 516
94 550
94 590
94 606
95 366
95 377
95 474
95 492
95 516
95 550
95 590
95 606
96 366
96 377
96 474
96 492
96 516
96 550
96 590
96 606
97 366
97 377
97 474
97 492
97 516
97 550
97 590
97 606
98 366
98 377
98 474
98 492
98 516
98 550
98 590
98 606
99 366
99 377
99 474
99 492
99 516
99 550
99 590
99 606
100 366
100 377
100 474
100 492
100 516
100 550
100 590
100 606
101 366
101 377
101 474
101 492
101 516
101 550
101 590
101 606
102 366
102 377
102 474
102 492
102 516
102 550
102 590
102 606
103 366
103 377
103 474
103 492
103 516
103 550
103 590
103 606
104 366
104 377
104 474
104 492
104 516
104 550
104 590
104 606
105 366
105 377
105 474
105 492
105 516
105 550
105 590
105 606
106 366
106 377
106 474
106 492
106 516
106 550
106 590
106 606
107 366
107 377
107 474
107 492
107 516
107 550
107 590
107 606
108 366
108 377
108 474
108 492
108 516
108 550
108 590
108 606
109 366
109 377
109 474
109 492
109 516
109 550
109 590
109 606
110 366
110 377
110 474
110 492
110 516
110 550
110 590
110 606
111 366
111 377
111 474
111 492
111 516
111 550
111 590
111 606
112 366
112 377
112 474
112 492
112 516
112 550
112 590
112 606
113 366
113 377
113 474
113 492
113 516
113 550
113 590
113 606
114 366
114 377
114 474
114 492
114 516
114 550
114 590
114 606
115 366
115 377
115 474
115 492
115 516
115 550
115 590
115 606
116 366
116 377
116 474
116 492
116 516
116 550
116 590
116 606
117 366
117 377
117 474
117 492
117 516
117 550
117 590
117 606
118 366
118 377
118 474
118 492
118 516
118 550
118 590
118 606
119 366
119 377
119 474
119 492
119 516
119 550
119 590
119 606
120 366
120 377
120 474
120 492
120 516
120 550
120 590
120 606
121 366
121 377
121 474
121 492
121 516
121 550
121 590
121 606
122 366
122 377
122 474
122 492
122 516
122 550
122 590
122 606
123 366
123 377
123 474
123 492
123 516
123 550
123 590
123 606
124 366
124 377
124 474
124 492
124 516
124 550
124 590
124 606
125 366
125 377
125 474
125 492
125 516
125 550
125 590
125 606
126 366
126 377
126 474
126 492
126 516
126 550
126 590
126 606
127 366
127 377
127 474
127 492
127 516
127 550
127 590
127 606
128 366
128 377
128 474
128 492
128 516
128 550
128 590
128 606
129 366
129 377
129 474
129 492
129 516
129 550
129 590
129 606
130 366
130 377
130 474
130 492
130 516
130 550
130 590
130 606
131 366
131 377
131 474
131 492
131 516
131 550
131 590
131 606
132 366
132 377
132 474
132 492
132 516
132 550
132 590
132 606
133 366
133 377
133 474
133 492
133 516
133 550
133 590
133 606
134 366
134 377
134 474
134 492
134 516
134 550
134 590
134 606
135 366
135 377
135 474
135 492
135 516
135 550
135 590
135 606
136 366
136 377
136 474
136 492
136 516
136 550
136 590
136 606
137 366
137 377
137 474
137 492
137 516
137 550
137 590
137 606
138 366
138 377
138 474
138 492
138 516
138 550
138 590
138 606
139 366
139 377
139 474
139 492
139 516
139 550
139 590
139 606
140 366
140 377
140 474
140 492
140 516
140 550
140 590
140 606
141 366
141 377
141 474
141 492
141 516
141 550
141 590
141 606
142 366
142 377
142 474
142 492
142 516
142 550
142 590
142 606
143 366
143 377
143 474
143 492
143 516
143 550
143 590
143 606
144 366
144 377
144 474
144 492
144 516
144 550
144 590
144 606
145 366
145 377
145 474
145 492
145 516
145 550
145 590
145 606
146 366
146 377
146 474
146 492
146 516
146 550
146 590
146 606
147 366
147 377
147 474
147 492
147 516
147 550
147 590
147 606
148 366
148 377
148 474
148 492
148 516
148 550
148 590
148 606
149 366
149 377
149 474
149 492
149 516
149 550
149 590
149 606
150 366
150 377
150 474
150 492
150 516
150 550
150 590
150 606
151 366
151 377
151 474
151 492
151 516
151 550
151 590
151 606
152 366
152 377
152 474
152 492
152 516
152 550
152 590
152 606
153 366
153 377
153 474
153 492
153 516
153 550
153 590
153 606
154 366
154 377
154 474
154 492
154 516
154 550
154 590
154 606
155 366
155 377
155 474
155 492
155 516
155 550
155 590
155 606
156 366
156 377
156 474
156 492
156 516
156 550
156 590
156 606
157 366
157 377
157 474
157 492
157 516
157 550
157 590
157 606
158 366
158 377
158 474
158 492
158 516
158 550
158 590
158 606
159 366
159 377
159 474
159 492
159 516
159 550
159 590
159 606
160 366
160 377
160 474
160 492
160 516
160 550
160 590
160 606
161 366
161 377
161 474
161 492
161 516
161 550
161 590
161 606
162 366
162 377
162 474
162 492
162 516
162 550
162 590
162 606
163 366
163 377
163 474
163 492
163 516
163 550
163 590
163 606
164 366
164 377
164 474
164 492
164 516
164 550
164 590
164 606
165 366
165 377
165 474
165 492
165 516
165 550
165 590
165 606
166 366
166 377
166 474
166 492
166 516
166 550
166 590
166 606
167 366
167 377
167 474
167 492
167 516
167 550
167 590
167 606
168 366
168 377
168 474
168 492
168 516
168 550
168 590
168 606
169 366
169 377
169 474
169 492
169 516
169 550
169 590
169 606
170 366
170 377
170 474
170 492
170 516
170 550
170 590
170 606
171 366
171 377
171 474
171 492
171 516
171 550
171 590
171 606
172 366
172 377
172 474
172 492
172 516
172 550
172 590
172 606
173 366
173 377
173 474
173 492
173 516
173 550
173 590
173 606
174 366
174 377
174 474
174 492
174 516
174 550
174 590
174 606
175 366
175 377
175 474
175 492
175 516
175 550
175 590
175 606
176 366
176 377
176 474
176 492
176 516
176 550
176 590
176 606
177 366
177 377
177 474
177 492
177 516
177 550
177 590
177 606
178 366
178 377
178 474
178 492
178 516
178 550
178 590
178 606
179 366
179 377
179 474
179 492
179 516
179 550
179 590
179 606
180 366
180 377
180 474
180 492
180 516
180 550
180 590
180 606
181 366
181 377
181 474
181 492
181 516
181 550
181 590
181 606
182 366
182 377
182 474
182 492
182 516
182 550
182 590
182 606
183 366
183 377
183 474
183 492
183 516
183 550
183 590
183 606
184 366
184 377
184 474
184 492
184 516
184 550
184 590
184 606
185 366
185 377
185 474
185 492
185 516
185 550
185 590
185 606
186 366
186 377
186 474
186 492
186 516
186 550
186 590
186 606
187 366
187 377
187 474
187 492
187 516
187 550
187 590
187 606
188 366
188 377
188 474
188 492
188 516
188 550
188 590
188 606
189 366
189 377
189 474
189 492
189 516
189 550
189 590
189 606
190 366
190 377
190 474
190 492
190 516
190 550
190 590
190 606
191 366
191 377
191 474
191 492
191 516
191 550
191 590
191 606
192 366
192 377
192 474
192 492
192 516
192 550
192 590
192 606
193 366
193 377
193 474
193 492
193 516
193 550
193 590
193 606
194 366
194 377
194 474
194 492
194 516
194 550
194 590
194 606
195 366
195 377
195 474
195 492
195 516
195 550
195 590
195 606
196 366
196 377
196 474
196 492
196 516
196 550
196 590
196 606
197 366
197 377
197 474
197 492
197 516
197 550
197 590
197 606
198 366
198 377
198 474
198 492
198 516
198 550
198 590
198 606
199 366
199 377
199 474
199 492
199 516
199 550
199 590
199 606
200 366
200 377
200 474
200 492
200 516
200 550
200 590
200 606
201 366
201 377
201 474
201 492
201 516
201 550
201 590
201 606
202 366
202 377
202 474
202 492
202 516
202 550
202 590
202 606
203 366
203 377
203 474
203 492
203 516
203 550
203 590
203 606
204 366
204 377
204 474
204 492
204 516
204 550
204 590
204 606
205 366
205 377
205 474
205 492
205 516
205 550
205 590
205 606
206 366
206 377
206 474
206 492
206 516
206 550
206 590
206 606
207 366
207 377
207 474
207 492
207 516
207 550
207 590
207 606
208 366
208 377
208 474
208 492
208 516
208 550
208 590
208 606
209 366
209 377
209 474
209 492
209 516
209 550
209 590
209 606
210 366
210 377
210 474
210 492
210 516
210 550
210 590
210 606
211 366
211 377
211 474
211 492
211 516
211 550
211 590
211 606
212 366
212 377
212 474
212 492
212 516
212 550
212 590
212 606
213 366
213 377
213 474
213 492
213 516
213 550
213 590
213 606
214 366
214 377
214 474
214 492
214 516
214 550
214 590
214 606
215 366
215 377
215 474
215 492
215 516
215 550
215 590
215 606
216 366
216 377
216 474
216 492
216 516
216 550
216 590
216 606
217 366
217 377
217 474
217 492
217 516
217 550
217 590
217 606
218 366
218 377
218 474
218 492
218 516
218 550
218 590
218 606
219 366
219 377
219 474
219 492
219 516
219 550
219 590
219 606
220 366
220 377
220 474
220 492
220 516
220 550
220 590
220 606
221 366
221 377
221 474
221 492
221 516
221 550
221 590
221 606
222 366
222 377
222 474
222 492
222 516
222 550
222 590
222 606
223 366
223 377
223 474
223 492
223 516
223 550
223 590
223 606
224 366
224 377
224 474
224 492
224 516
224 550
224 590
224 606
225 366
225 377
225 474
225 492
225 516
225 550
225 590
225 606
226 366
226 377
226 474
226 492
226 516
226 550
226 590
226 606
227 366
227 377
227 474
227 492
227 516
227 550
227 590
227 606
228 366
228 377
228 474
228 492
228 516
228 550
228 590
228 606
229 366
229 377
229 474
229 492
229 516
229 550
229 590
229 606
230 366
230 377
230 474
230 492
230 516
230 550
230 590
230 606
231 366
231 377
231 474
231 492
231 516
231 550
231 590
231 606
232 366
232 377
232 474
232 492
232 516
232 550
232 590
232 606
233 366
233 377
233 474
233 492
233 516
233 550
233 590
233 606
234 366
234 377
234 474
234 492
234 516
234 550
234 590
234 606
235 366
235 377
235 474
235 492
235 516
235 550
235 590
235 606
236 366
236 377
236 474
236 492
236 516
236 550
236 590
236 606
237 366
237 377
237 474
237 492
237 516
237 550
237 590
237 606
238 366
238 377
238 474
238 492
238 516
238 550
238 590
238 606
239 366
239 377
239 474
239 492
239 516
239 550
239 590
239 606
240 366
240 377
240 474
240 492
240 516
240 550
240 590
240 606
241 366
241 377
241 474
241 492
241 516
241 550
241 590
241 606
242 366
242 377
242 474
242 492
242 516
242 550
242 590
242 606
243 366
243 377
243 474
243 492
243 516
243 550
243 590
243 606
244 366
244 377
244 474
244 492
244 516
244 550
244 590
244 606
245 366
245 377
245 474
245 492
245 516
245 550
245 590
245 606
246 366
246 377
246 474
246 492
246 516
246 550
246 590
246 606
247 366
247 377
247 474
247 492
247 516
247 550
247 590
247 606
248 366
248 377
248 474
248 492
248 516
248 550
248 590
248 606
249 366
249 377
249 474
249 492
249 516
249 550
249 590
249 606
250 366
250 377
250 474
250 492
250 516
250 550
250 590
250 606
251 366
251 377
251 474
251 492
251 516
251 550
251 590
251 606
252 366
252 377
252 474
252 492
252 516
252 550
252 590
252 606
253 366
253 377
253 474
253 492
253 516
253 550
253 590
253 606
254 366
254 377
254 474
254 492
254 516
254 550
254 590
254 606
255 366
255 377
255 474
255 492
255 516
255 550
255 590
255 606
256 366
256 377
256 474
256 492
256 516
256 550
256 590
256 606
257 366
257 377
257 474
257 492
257 516
257 550
257 590
257 606
258 366
258 377
258 474
258 492
258 516
258 550
258 590
258 606
259 366
259 377
259 474
259 492
259 516
259 550
259 590
259 606
260 366
260 377
260 474
260 492
260 516
260 550
260 590
260 606
261 366
261 377
261 474
261 492
261 516
261 550
261 590
261 606
262 366
262 377
262 474
262 492
262 516
262 550
262 590
262 606
263 366
263 377
263 474
263 492
263 516
263 550
263 590
263 606
264 366
264 377
264 474
264 492
264 516
264 550
264 590
264 606
265 366
265 377
265 474
265 492
265 516
265 550
265 590
265 606
266 366
266 377
266 474
266 492
266 516
266 550
266 590
266 606
267 366
267 377
267 474
267 492
267 516
267 550
267 590
267 606
268 366
268 377
268 474
268 492
268 516
268 550
268 590
268 606
269 366
269 377
269 474
269 492
269 516
269 550
269 590
269 606
270 366
270 377
270 474
270 492
270 516
270 550
270 590
270 606
271 366
271 377
271 474
271 492
271 516
271 550
271 590
271 606
272 366
272 377
272 474
272 492
272 516
272 550
272 590
272 606
273 366
273 377
273 474
273 492
273 516
273 550
273 590
273 606
274 366
274 377
274 474
274 492
274 516
274 550
274 590
274 606
275 366
275 377
275 474
275 492
275 516
275 550
275 590
275 606
276 366
276 377
276 474
276 492
276 516
276 550
276 590
276 606
277 366
277 377
277 474
277 492
277 516
277 550
277 590
277 606
278 366
278 377
278 474
278 492
278 516
278 550
278 590
278 606
279 366
279 377
279 474
279 492
279 516
279 550
279 590
279 606
280 366
280 377
280 474
280 492
280 516
280 550
280 590
280 606
281 366
281 377
281 474
281 492
281 516
281 550
281 590
281 606
282 366
282 377
282 474
282 492
282 516
282 550
282 590
282 606
283 366
283 377
283 474
283 492
283 516
283 550
283 590
283 606
284 366
284 377
284 474
284 492
284 516
284 550
284 590
284 606
285 366
285 377
285 474
285 492
285 516
285 550
285 590
285 606
286 366
286 377
286 474
286 492
286 516
286 550
286 590
286 606
287 366
287 377
287 474
287 492
287 516
287 550
287 590
287 606
288 366
288 377
288 474
288 492
288 516
288 550
288 590
288 606
289 366
289 377
289 474
289 492
289 516
289 550
289 590
289 606
290 366
290 377
290 474
290 492
290 516
290 550
290 590
290 606
291 366
291 377
291 474
291 492
291 516
291 550
291 590
291 606
292 366
292 377
292 474
292 492
292 516
292 550
292 590
292 606
293 366
293 377
293 474
293 492
293 516
293 550
293 590
293 606
294 366
294 377
294 474
294 492
294 516
294 550
294 590
294 606
295 366
295 377
295 474
295 492
295 516
295 550
295 590
295 606
296 366
296 377
296 474
296 492
296 516
296 550
296 590
296 606
297 366
297 377
297 474
297 492
297 516
297 550
297 590
297 606
298 366
298 377
298 474
298 492
298 516
298 550
298 590
298 606
299 366
299 377
299 474
299 492
299 516
299 550
299 590
299 606
300 366
300 377
300 474
300 492
300 516
300 550
300 590
300 606
301 366
301 377
301 474
301 492
301 516
301 550
301 590
301 606
302 366
302 377
302 474
302 492
302 516
302 550
302 590
302 606
303 366
303 377
303 474
303 492
303 516
303 550
303 590
303 606
304 366
304 377
304 474
304 492
304 516
304 550
304 590
304 606
305 366
305 377
305 474
305 492
305 516
305 550
305 590
305 606
306 366
306 377
306 474
306 492
306 516
306 550
306 590
306 606
307 366
307 377
307 474
307 492
307 516
307 550
307 590
307 606
308 366
308 377
308 474
308 492
308 516
308 550
308 590
308 606
309 366
309 377
309 474
309 492
309 516
309 550
309 590
309 606
310 366
310 377
310 474
310 492
310 516
310 550
310 590
310 606
311 366
311 377
311 474
311 492
311 516
311 550
311 590
311 606
312 366
312 377
312 474
312 492
312 516
312 550
312 590
312 606
313 366
313 377
313 474
313 492
313 516
313 550
313 590
313 606
314 366
314 377
314 474
314 492
314 516
314 550
314 590
314 606
315 366
315 377
315 474
315 492
315 516
315 550
315 590
315 606
316 366
316 377
316 474
316 492
316 516
316 550
316 590
316 606
317 366
317 377
317 474
317 492
317 516
317 550
317 590
317 606
318 366
318 377
318 474
318 492
318 516
318 550
318 590
318 606
319 366
319 377
319 474
319 492
319 516
319 550
319 590
319 606
320 366
320 377
320 474
320 492
320 516
320 550
320 590
320 606
321 366
321 377
321 474
321 492
321 516
321 550
321 590
321 606
322 366
322 377
322 474
322 492
322 516
322 550
322 590
322 606
323 366
323 377
323 474
323 492
323 516
323 550
323 590
323 606
324 366
324 377
324 474
324 492
324 516
324 550
324 590
324 606
325 366
325 377
325 474
325 492
325 516
325 550
325 590
325 606
326 366
326 377
326 474
326 492
326 516
326 550
326 590
326 606
327 366
327 377
327 474
327 492
327 516
327 550
327 590
327 606
328 366
328 377
328 474
328 492
328 516
328 550
328 590
328 606
329 366
329 377
329 474
329 492
329 516
329 550
329 590
329 606
330 366
330 377
330 474
330 492
330 516
330 550
330 590
330 606
331 366
331 377
331 474
331 492
331 516
331 550
331 590
331 606
332 366
332 377
332 474
332 492
332 516
332 550
332 590
332 606
333 366
333 377
333 474
333 492
333 516
333 550
333 590
333 606
334 366
334 377
334 474
334 492
334 516
334 550
334 590
334 606
335 366
335 377
335 474
335 492
335 516
335 550
335 590
335 606
336 366
336 377
336 474
336 492
336 516
336 550
336 590
336 606
337 366
337 377
337 474
337 492
337 516
337 550
337 590
337 606
338 366
338 377
338 474
338 492
338 516
338 550
338 590
338 606
339 366
339 377
339 474
339 492
339 516
339 550
339 590
339 606
340 366
340 377
340 474
340 492
340 516
340 550
340 590
340 606
341 366
341 377
341 474
341 492
341 516
341 550
341 590
341 606
342 366
342 377
342 474
342 492
342 516
342 550
342 590
342 606
343 366
343 377
343 474
343 492
343 516
343 550
343 590
343 606
344 366
344 377
344 474
344 492
344 516
344 550
344 590
344 606
345 366
345 377
345 474
345 492
345 516
345 550
345 590
345 606
346 366
346 377
346 474
346 492
346 516
346 550
346 590
346 606
347 366
347 377
347 474
347 492
347 516
347 550
347 590
347 606
348 366
348 377
348 474
348 492
348 516
348 550
348 590
348 606
349 366
349 377
349 474
349 492
349 516
349 550
349 590
349 606
350 366
350 377
350 474
350 492
350 516
350 550
350 590
350 606
351 366
351 377
351 474
351 492
351 516
351 550
351 590
351 606
352 366
352 377
352 474
352 492
352 516
352 550
352 590
352 606
353 366
353 377
353 474
353 492
353 516
353 550
353 590
353 606
354 366
354 377
354 474
354 492
354 516
354 550
354 590
354 606
355 366
355 377
355 474
355 492
355 516
355 550
355 590
355 606
356 366
356 377
356 474
356 492
356 516
356 550
356 590
356 606
357 366
357 377
357 474
357 492
357 516
357 550
357 590
357 606
358 366
358 377
358 474
358 492
358 516
358 550
358 590
358 606
359 366
359 377
359 474
359 492
359 516
359 550
359 590
359 606
360 366
360 377
360 474
360 492
360 516
360 550
360 590
360 606
361 366
361 377
361 474
361 492
361 516
361 550
361 590
361 606
362 366
362 377
362 474
362 492
362 516
362 550
362 590
362 606
363 377
363 474
363 492
363 516
363 550
363 590
363 606
364 377
364 474
364 492
364 516
364 550
364 590
364 606
365 377
365 474
365 492
365 516
365 550
365 590
365 606
366 377
366 474
366 492
366 516
366 550
366 590
366 606
367 377
367 474
367 492
367 516
367 550
367 590
367 606
368 377
368 474
368 492
368 516
368 550
368 590
368 606
369 377
369 474
369 492
369 516
369 550
369 590
369 606
370 377
370 474
370 492
370 516
370 550
370 590
370 606
371 377
371 474
371 492
371 516
371 550
371 590
371 606
372 377
372 474
372 492
372 516
372 550
372 590
372 606
373 377
373 474
373 492
373 516
373 550
373 590
373 606
374 474
374 492
374 516
374 550
374 590
374 606
375 474
375 492
375 516
375 550
375 590
375 606
376 474
376 492
376 516
376 550
376 590
376 606
377 474
377 492
377 516
377 550
377 590
377 606
378 474
378 492
378 516
378 550
378 590
378 606
379 474
379 492
379 516
379 550
379 590
379 606
380 474
380 492
380 516
380 550
380 590
380 606
381 474
381 492
381 516
381 550
381 590
381 606
382 474
382 492
382 516
382 550
382 590
382 606
383 474
383 492
383 516
383 550
383 590
383 606
384 474
384 492
384 516
384 550
384 590
384 606
385 474
385 492
385 516
385 550
385 590
385 606
386 474
386 492
386 516
386 550
386 590
386 606
387 474
387 492
387 516
387 550
387 590
387 606
388 474
388 492
388 516
388 550
388 590
388 606
389 474
389 492
389 516
389 550
389 590
389 606
390 474
390 492
390 516
390 550
390 590
390 606
391 474
391 492
391 516
391 550
391 590
391 606
392 474
392 492
392 516
392 550
392 590
392 606
393 474
393 492
393 516
393 550
393 590
393 606
394 474
394 492
394 516
394 550
394 590
394 606
395 474
395 492
395 516
395 550
395 590
395 606
396 474
396 492
396 516
396 550
396 590
396 606
397 474
397 492
397 516
397 550
397 590
397 606
398 474
398 492
398 516
398 550
398 590
398 606
399 474
399 492
399 516
399 550
399 590
399 606
400 474
400 492
400 516
400 550
400 590
400 606
401 474
401 492
401 516
401 550
401 590
401 606
402 474
402 492
402 516
402 550
402 590
402 606
403 474
403 492
403 516
403 550
403 590
403 606
404 474
404 492
404 516
404 550
404 590
404 606
405 474
405 492
405 516
405 550
405 590
405 606
406 474
406 492
406 516
406 550
406 590
406 606
407 474
407 492
407 516
407 550
407 590
407 606
408 474
408 492
408 516
408 550
408 590
408 606
409 474
409 492
409 516
409 550
409 590
409 606
410 474
410 492
410 516
410 550
410 590
410 606
411 474
411 492
411 516
411 550
411 590
411 606
412 474
412 492
412 516
412 550
412 590
412 606
413 474
413 492
413 516
413 550
413 590
413 606
414 474
414 492
414 516
414 550
414 590
414 606
415 474
415 492
415 516
415 550
415 590
415 606
416 474
416 492
416 516
416 550
416 590
416 606
417 474
417 492
417 516
417 550
417 590
417 606
418 474
418 492
418 516
418 550
418 590
418 606
419 474
419 492
419 516
419 550
419 590
419 606
420 474
420 492
420 516
420 550
420 590
420 606
421 474
421 492
421 516
421 550
421 590
421 606
422 474
422 492
422 516
422 550
422 590
422 606
423 474
423 492
423 516
423 550
423 590
423 606
424 474
424 492
424 516
424 550
424 590
424 606
425 474
425 492
425 516
425 550
425 590
425 606
426 474
426 492
426 516
426 550
426 590
426 606
427 474
427 492
427 516
427 550
427 590
427 606
428 474
428 492
428 516
428 550
428 590
428 606
429 474
429 492
429 516
429 550
429 590
429 606
430 474
430 492
430 516
430 550
430 590
430 606
431 474
431 492
431 516
431 550
431 590
431 606
432 474
432 492
432 516
432 550
432 590
432 606
433 474
433 492
433 516
433 550
433 590
433 606
434 474
434 492
434 516
434 550
434 590
434 606
435 474
435 492
435 516
435 550
435 590
435 606
436 474
436 492
436 516
436 550
436 590
436 606
437 474
437 492
437 516
437 550
437 590
437 606
438 474
438 492
438 516
438 550
438 590
438 606
439 474
439 492
439 516
439 550
439 590
439 606
440 474
440 492
440 516
440 550
440 590
440 606
441 474
441 492
441 516
441 550
441 590
441 606
442 474
442 492
442 516
442 550
442 590
442 606
443 474
443 492
443 516
443 550
443 590
443 606
444 474
444 492
444 516
444 550
444 590
444 606
445 474
445 492
445 516
445 550
445 590
445 606
446 474
446 492
446 516
446 550
446 590
446 606
447 474
447 492
447 516
447 550
447 590
447 606
448 474
448 492
448 516
448 550
448 590
448 606
449 474
449 492
449 516
449 550
449 590
449 606
450 474
450 492
450 516
450 550
450 590
450 606
451 474
451 492
451 516
451 550
451 590
451 606
452 474
452 492
452 516
452 550
452 590
452 606
453 474
453 492
453 516
453 550
453 590
453 606
454 474
454 492
454 516
454 550
454 590
454 606
455 474
455 492
455 516
455 550
455 590
455 606
456 474
456 492
456 516
456 550
456 590
456 606
457 474
457 492
457 516
457 550
457 590
457 606
458 474
458 492
458 516
458 550
458 590
458 606
459 474
459 492
459 516
459 550
459 590
459 606
460 474
460 492
460 516
460 550
460 590
460 606
461 474
461 492
461 516
461 550
461 590
461 606
462 474
462 492
462 516
462 550
462 590
462 606
463 474
463 492
463 516
463 550
463 590
463 606
464 474
464 492
464 516
464 550
464 590
464 606
465 474
465 492
465 516
465 550
465 590
465 606
466 474
466 492
466 516
466 550
466 590
466 606
467 474
467 492
467 516
467 550
467 590
467 606
468 474
468 492
468 516
468 550
468 590
468 606
469 474
469 492
469 516
469 550
469 590
469 606
470 474
470 492
470 516
470 550
470 590
470 606
471 492
471 516
471 550
471 590
471 606
472 492
472 516
472 550
472 590
472 606
473 492
473 516
473 550
473 590
473 606
474 492
474 516
474 550
474 590
474 606
475 492
475 516
475 550
475 590
475 606
476 492
476 516
476 550
476 590
476 606
477 492
477 516
477 550
477 590
477 606
478 492
478 516
478 550
478 590
478 606
479 492
479 516
479 550
479 590
479 606
480 492
480 516
480 550
480 590
480 606
481 492
481 516
481 550
481 590
481 606
482 492
482 516
482 550
482 590
482 606
483 492
483 516
483 550
483 590
483 606
484 492
484 516
484 550
484 590
484 606
485 492
485 516
485 550
485 590
485 606
486 492
486 516
486 550
486 590
486 606
487 492
487 516
487 550
487 590
487 606
488 492
488 516
488 550
488 590
488 606
489 516
489 550
489 590
489 606
490 516
490 550
490 590
490 606
491 516
491 550
491 590
491 606
492 516
492 550
492 590
492 606
493 516
493 550
493 590
493 606
494 516
494 550
494 590
494 606
495 516
495 550
495 590
495 606
496 516
496 550
496 590
496 606
497 516
497 550
497 590
497 606
498 516
498 550
498 590
498 606
499 516
499 550
499 590
499 606
500 516
500 550
500 590
500 606
501 516
501 550
501 590
501 606
502 516
502 550
502 590
502 606
503 516
503 550
503 590
503 606
504 516
504 550
504 590
504 606
505 516
505 550
505 590
505 606
506 516
506 550
506 590
506 606
507 516
507 550
507 590
507 606
508 516
508 550
508 590
508 606
509 516
509 550
509 590
509 606
510 516
510 550
510 590
510 606
511 516
511 550
511 590
511 606
512 516
512 550
512 590
512 606
513 550
513 590
513 606
514 550
514 590
514 606
515 550
515 590
515 606
516 550
516 590
516 606
517 550
517 590
517 606
518 550
518 590
518 606
519 550
519 590
519 606
520 550
520 590
520 606
521 550
521 590
521 606
522 550
522 590
522 606
523 550
523 590
523 606
524 550
524 590
524 606
525 550
525 590
525 606
526 550
526 590
526 606
527 550
527 590
527 606
528 550
528 590
528 606
529 550
529 590
529 606
530 550
530 590
530 606
531 550
531 590
531 606
532 550
532 590
532 606
533 550
533 590
533 606
534 550
534 590
534 606
535 550
535 590
535 606
536 550
536 590
536 606
537 550
537 590
537 606
538 550
538 590
538 606
539 550
539 590
539 606
540 550
540 590
540 606
541 550
541 590
541 606
542 550
542 590
542 606
543 550
543 590
543 606
544 550
544 590
544 606
545 550
545 590
545 606
546 550
546 590
546 606
547 590
547 606
548 590
548 606
549 590
549 606
550 590
550 606
551 590
551 606
552 590
552 606
553 590
553 606
554 590
554 606
555 590
555 606
556 590
556 606
557 590
557 606
558 590
558 606
559 590
559 606
560 590
560 606
561 590
561 606
562 590
562 606
563 590
563 606
564 590
564 606
565 590
565 606
566 590
566 606
567 590
567 606
568 590
568 606
569 590
569 606
570 590
570 606
571 590
571 606
572 590
572 606
573 590
573 606
574 590
574 606
575 590
575 606
576 590
576 606
577 590
577 606
578 590
578 606
579 590
579 606
580 590
580 606
581 590
581 606
582 590
582 606
583 590
583 606
584 590
584 606
585 590
585 606
586 590
586 606
587 606
588 606
589 606
590 606
591 606
592 606
593 606
594 606
595 606
596 606
597 606
598 606
599 606
600 606
601 606
602 606
0 28
0 372
0 542
1 28
1 372
1 542
2 28
2 372
2 542
3 28
3 372
3 542
4 28
4 372
4 542
5 28
5 372
5 542
6 28
6 372
6 542
7 28
7 372
7 542
8 28
8 372
8 542
9 28
9 372
9 542
10 28
10 372
10 542
11 28
11 372
11 542
12 28
12 372
12 542
13 28
13 372
13 542
14 28
14 372
14 542
15 28
15 372
15 542
16 28
16 372
16 542
17 28
17 372
17 542
18 28
18 372
18 542
19 28
19 372
19 542
20 28
20 372
20 542
21 28
21 372
21 542
22 28
22 372
22 542
23 28
23 372
23 542
24 372
24 542
25 372
25 542
26 372
26 542
27 372
27 542
28 372
28 542
29 372
29 542
30 372
30 542
31 372
31 542
32 372
32 542
33 372
33 542
34 372
34 542
35 372
35 542
36 372
36 542
37 372
37 542
38 372
38 542
39 372
39 542
40 372
40 542
41 372
41 542
42 372
42 542
43 372
43 542
44 372
44 542
45 372
45 542
46 372
46 542
47 372
47 542
48 372
48 542
49 372
49 542
50 372
50 542
51 372
51 542
52 372
52 542
53 372
53 542
54 372
54 542
55 372
55 542
56 372
56 542
57 372
57 542
58 372
58 542
59 372
59 542
60 372
60 542
61 372
61 542
62 372
62 542
63 372
63 542
64 372
64 542
65 372
65 542
66 372
66 542
67 372
67 542
68 372
68 542
69 372
69 542
70 372
70 542
71 372
71 542
72 372
72 542
73 372
73 542
74 372
74 542
75 372
75 542
76 372
76 542
77 372
77 542
78 372
78 542
79 372
79 542
80 372
80 542
81 372
81 542
82 372
82 542
83 372
83 542
84 372
84 542
85 372
85 542
86 372
86 542
87 372
87 542
88 372
88 542
89 372
89 542
90 372
90 542
91 372
91 542
92 372
92 542
93 372
93 542
94 372
94 542
95 372
95 542
96 372
96 542
97 372
97 542
98 372
98 542
99 372
99 542
100 372
100 542
101 372
101 542
102 372
102 542
103 372
103 542
104 372
104 542
105 372
105 542
106 372
106 542
107 372
107 542
108 372
108 542
109 372
109 542
110 372
110 542
111 372
111 542
112 372
112 542
113 372
113 542
114 372
114 542
115 372
115 542
116 372
116 542
117 372
117 542
118 372
118 542
119 372
119 542
120 372
120 542
121 372
121 542
122 372
122 542
123 372
123 542
124 372
124 542
125 372
125 542
126 372
126 542
127 372
127 542
128 372
128 542
129 372
129 542
130 372
130 542
131 372
131 542
132 372
132 542
133 372
133 542
134 372
134 542
135 372
135 542
136 372
136 542
137 372
137 542
138 372
138 542
139 372
139 542
140 372
140 542
141 372
141 542
142 372
142 542
143 372
143 542
144 372
144 542
145 372
145 542
146 372
146 542
147 372
147 542
148 372
148 542
149 372
149 542
150 372
150 542
151 372
151 542
152 372
152 542
153 372
153 542
154 372
154 542
155 372
155 542
156 372
156 542
157 372
157 542
158 372
158 542
159 372
159 542
160 372
160 542
161 372
161 542
162 372
162 542
163 372
163 542
164 372
164 542
165 372
165 542
166 372
166 542
167 372
167 542
168 372
168 542
169 372
169 542
170 372
170 542
171 372
171 542
172 372
172 542
173 372
173 542
174 372
174 542
175 372
175 542
176 372
176 542
177 372
177 542
178 372
178 542
179 372
179 542
180 372
180 542
181 372
181 542
182 372
182 542
183 372
183 542
184 372
184 542
185 372
185 542
186 372
186 542
187 372
187 542
188 372
188 542
189 372
189 542
190 372
190 542
191 372
191 542
192 372
192 542
193 372
193 542
194 372
194 542
195 372
195 542
196 372
196 542
197 372
197 542
198 372
198 542
199 372
199 542
200 372
200 542
201 372
201 542
202 372
202 542
203 372
203 542
204 372
204 542
205 372
205 542
206 372
206 542
207 372
207 542
208 372
208 542
209 372
209 542
210 372
210 542
211 372
211 542
212 372
212 542
213 372
213 542
214 372
214 542
215 372
215 542
216 372
216 542
217 372
217 542
218 372
218 542
219 372
219 542
220 372
220 542
221 372
221 542
222 372
222 542
223 372
223 542
224 372
224 542
225 372
225 542
226 372
226 542
227 372
227 542
228 372
228 542
229 372
229 542
230 372
230 542
231 372
231 542
232 372
232 542
233 372
233 542
234 372
234 542
235 372
235 542
236 372
236 542
237 372
237 542
238 372
238 542
239 372
239 542
240 372
240 542
241 372
241 542
242 372
242 542
243 372
243 542
244 372
244 542
245 372
245 542
246 372
246 542
247 372
247 542
248 372
248 542
249 372
249 542
250 372
250 542
251 372
251 542
252 372
252 542
253 372
253 542
254 372
254 542
255 372
255 542
256 372
256 542
257 372
257 542
258 372
258 542
259 372
259 542
260 372
260 542
261 372
261 542
262 372
262 542
263 372
263 542
264 372
264 542
265 372
265 542
266 372
266 542
267 372
267 542
268 372
268 542
269 372
269 542
270 372
270 542
271 372
271 542
272 372
272 542
273 372
273 542
274 372
274 542
275 372
275 542
276 372
276 542
277 372
277 542
278 372
278 542
279 372
279 542
280 372
280 542
281 372
281 542
282 372
282 542
283 372
283 542
284 372
284 542
285 372
285 542
286 372
286 542
287 372
287 542
288 372
288 542
289 372
289 542
290 372
290 542
291 372
291 542
292 372
292 542
293 372
293 542
294 372
294 542
295 372
295 542
296 372
296 542
297 372
297 542
298 372
298 542
299 372
299 542
300 372
300 542
301 372
301 542
302 372
302 542
303 372
303 542
304 372
304 542
305 372
305 542
306 372
306 542
307 372
307 542
308 372
308 542
309 372
309 542
310 372
310 542
311 372
311 542
312 372
312 542
313 372
313 542
314 372
314 542
315 372
315 542
316 372
316 542
317 372
317 542
318 372
318 542
319 372
319 542
320 372
320 542
321 372
321 542
322 372
322 542
323 372
323 542
324 372
324 542
325 372
325 542
326 372
326 542
327 372
327 542
328 372
328 542
329 372
329 542
330 372
330 542
331 372
331 542
332 372
332 542
333 372
333 542
334 372
334 542
335 372
335 542
336 372
336 542
337 372
337 542
338 372
338 542
339 372
339 542
340 372
340 542
341 372
341 542
342 372
342 542
343 372
343 542
344 372
344 542
345 372
345 542
346 372
346 542
347 372
347 542
348 372
348 542
349 372
349 542
350 372
350 542
351 372
351 542
352 372
352 542
353 372
353 542
354 372
354 542
355 372
355 542
356 372
356 542
357 372
357 542
358 372
358 542
359 372
359 542
360 372
360 542
361 372
361 542
362 372
362 542
363 372
363 542
364 372
364 542
365 372
365 542
366 372
366 542
367 372
367 542
368 542
369 542
370 542
371 542
372 542
373 542
374 542
375 542
376 542
377 542
378 542
379 542
380 542
381 542
382 542
383 542
384 542
385 542
386 542
387 542
388 542
389 542
390 542
391 542
392 542
393 542
394 542
395 542
396 542
397 542
398 542
399 542
400 542
401 542
402 542
403 542
404 542
405 542
406 542
407 542
408 542
409 542
410 542
411 542
412 542
413 542
414 542
415 542
416 542
417 542
418 542
419 542
420 542
421 542
422 542
423 542
424 542
425 542
426 542
427 542
428 542
429 542
430 542
431 542
432 542
433 542
434 542
435 542
436 542
437 542
438 542
439 542
440 542
441 542
442 542
443 542
444 542
445 542
446 542
447 542
448 542
449 542
450 542
451 542
452 542
453 542
454 542
455 542
456 542
457 542
458 542
459 542
460 542
461 542
462 542
463 542
464 542
465 542
466 542
467 542
468 542
469 542
470 542
471 542
472 542
473 542
474 542
475 542
476 542
477 542
478 542
479 542
480 542
481 542
482 542
483 542
484 542
485 542
486 542
487 542
488 542
489 542
490 542
491 542
492 542
493 542
494 542
495 542
496 542
497 542
498 542
499 542
500 542
501 542
502 542
503 542
504 542
505 542
506 542
507 542
508 542
509 542
510 542
511 542
512 542
513 542
514 542
515 542
516 542
517 542
518 542
519 542
520 542
521 542
522 542
523 542
524 542
525 542
526 542
527 542
528 542
529 542
530 542
531 542
532 542
533 542
534 542
535 542
536 542
537 542
4 12
4 24
4 46
4 62
4 68
4 72
4 117
4 131
4 147
4 169
4 177
4 189
4 202
4 217
4 224
4 231
4 249
4 252
4 256
4 293
4 345
4 361
4 368
4 380
4 385
4 388
4 423
4 451
4 463
4 485
4 511
4 526
4 538
4 558
4 577
4 630
12 24
12 46
12 62
12 68
12 72
12 117
12 131
12 147
12 169
12 177
12 189
12 202
12 217
12 224
12 231
12 249
12 252
12 256
12 293
12 345
12 361
12 368
12 380
12 385
12 388
12 423
12 451
12 463
12 485
12 511
12 526
12 538
12 558
12 577
12 630
24 46
24 62
24 68
24 72
24 117
24 131
24 147
24 169
24 177
24 189
24 202
24 217
24 224
24 231
24 249
24 252
24 256
24 293
24 345
24 361
24 368
24 380
24 385
24 388
24 423
24 451
24 463
24 485
24 511
24 526
24 538
24 558
24 577
24 630
46 62
46 68
46 72
46 117
46 131
46 147
46 169
46 177
46 189
46 202
46 217
46 224
46 231
46 249
46 252
46 256
46 293
46 345
46 361
46 368
46 380
46 385
46 388
46 423
46 451
46 463
46 485
46 511
46 526
46 538
46 558
46 577
46 630
62 68
62 72
62 117
62 131
62 147
62 169
62 177
62 189
62 202
62 217
62 224
62 231
62 249
62 252
62 256
62 293
62 345
62 361
62 368
62 380
62 385
62 388
62 423
62 451
62 463
62 485
62 511
62 526
62 538
62 558
62 577
62 630
68 72
68 117
68 131
68 147
68 169
68 177
68 189
68 202
68 217
68 224
68 231
68 249
68 252
68 256
68 293
68 345
68 361
68 368
68 380
68 385
68 388
68 423
68 451
68 463
68 485
68 511
68 526
68 538
68 558
68 577
68 630
72 117
72 131
72 147
72 169
72 177
72 189
72 202
72 217
72 224
72 231
72 249
72 252
72 256
72 293
72 345
72 361
72 368
72 380
72 385
72 388
72 423
72 451
72 463
72 485
72 511
72 526
72 538
72 558
72 577
72 630
117 131
117 147
117 169
117 177
117 189
117 202
117 217
117 224
117 231
117 249
117 252
117 256
117 293
117 345
117 361
117 368
117 380
117 385
117 388
117 423
117 451
117 463
117 485
117 511
117 526
117 538
117 558
117 577
117 630
131 147
131 169
131 177
131 189
131 202
131 217
131 224
131 231
131 249
131 252
131 256
131 293
131 345
131 361
131 368
131 380
131 385
131 388
131 423
131 451
131 463
131 485
131 511
131 526
131 538
131 558
131 577
131 630
147 169
147 177
147 189
147 202
147 217
147 224
147 231
147 249
147 252
147 256
147 293
147 345
147 361
147 368
147 380
147 385
147 388
147 423
147 451
147 463
147 485
147 511
147 526
147 538
147 558
147 577
147 630
169 177
169 189
169 202
169 217
169 224
169 231
169 249
169 252
169 256
169 293
169 345
169 361
169 368
169 380
169 385
169 388
169 423
169 451
169 463
169 485
169 511
169 526
169 538
169 558
169 577
169 630
177 189
177 202
177 217
177 224
177 231
177 249
177 252
177 256
177 293
177 345
177 361
177 368
177 380
177 385
177 388
177 423
177 451
177 463
177 485
177 511
177 526
177 538
177 558
177 577
177 630
189 202
189 217
189 224
189 231
189 249
189 252
189 256
189 293
189 345
189 361
189 368
189 380
189 385
189 388
189 423
189 451
189 463
189 485
189 511
189 526
189 538
189 558
189 577
189 630
202 217
202 224
202 231
202 249
202 252
202 256
202 293
202 345
202 361
202 368
202 380
202 385
202 388
202 423
202 451
202 463
202 485
202 511
202 526
202 538
202 558
202 577
202 630
217 224
217 231
217 249
217 252
217 256
217 293
217 345
217 361
217 368
217 380
217 385
217 388
217 423
217 451
217 463
217 485
217 511
217 526
217 538
217 558
217 577
217 630
224 231
224 249
224 252
224 256
224 293
224 345
224 361
224 368
224 380
224 385
224 388
224 423
224 451
224 463
224 485
224 511
224 526
224 538
224 558
224 577
224 630
231 249
231 252
231 256
231 293
231 345
231 361
231 368
231 380
231 385
231 388
231 423
231 451
231 463
231 485
231 511
231 526
231 538
231 558
231 577
231 630
249 252
249 256
249 293
249 345
249 361
249 368
249 380
249 385
249 388
249 423
249 451
249 463
249 485
249 511
249 526
249 538
249 558
249 577
249 630
252 256
252 293
252 345
252 361
252 368
252 380
252 385
252 388
252 423
252 451
252 463
252 485
252 511
252 526
252 538
252 558
252 577
252 630
256 293
256 345
256 361
256 368
256 380
256 385
256 388
256 423
256 451
256 463
256 485
256 511
256 526
256 538
256 558
256 577
256 630
293 345
293 361
293 368
293 380
293 385
293 388
293 423
293 451
293 463
293 485
293 511
293 526
293 538
293 558
293 577
293 630
345 361
345 368
345 380
345 385
345 388
345 423
345 451
345 463
345 485
345 511
345 526
345 538
345 558
345 577
345 630
361 368
361 380
361 385
361 388
361 423
361 451
361 463
361 485
361 511
361 526
361 538
361 558
361 577
361 630
368 380
368 385
368 388
368 423
368 451
368 463
368 485
368 511
368 526
368 538
368 558
368 577
368 630
380 385
380 388
380 423
380 451
380 463
380 485
380 511
380 526
380 538
380 558
380 577
380 630
385 388
385 423
385 451
385 463
385 485
385 511
385 526
385 538
385 558
385 577
385 630
388 423
388 451
388 463
388 485
388 511
388 526
388 538
388 558
388 577
388 630
423 451
423 463
423 485
423 511
423 526
423 538
423 558
423 577
423 630
451 463
451 485
451 511
451 526
451 538
451 558
451 577
451 630
463 485
463 511
463 526
463 538
463 558
463 577
463 630
485 511
485 526
485 538
485 558
485 577
485 630
511 526
511 538
511 558
511 577
511 630
526 538
526 558
526 577
526 630
538 558
538 577
538 630
558 577
558 630
577 630
